5 6 2
011100 
011000 
010010 
010010 
000110 
now= 0 0 crashed= 0
queueeue= deque([])
afterfor= deque([(0, 1, 1, 1), (1, 0, 0, 1)])
now= 0 1 crashed= 1
queueeue= deque([(1, 0, 0, 1)])
afterfor= deque([(1, 0, 0, 1), (0, 2, 2, 2), (0, 0, 1, 2), (1, 1, 2, 2)])
now= 1 0 crashed= 0
queueeue= deque([(0, 2, 2, 2), (0, 0, 1, 2), (1, 1, 2, 2)])
afterfor= deque([(0, 2, 2, 2), (0, 0, 1, 2), (1, 1, 2, 2), (1, 1, 1, 2), (2, 0, 0, 2), (0, 0, 0, 2)])
now= 0 2 crashed= 2
queueeue= deque([(0, 0, 1, 2), (1, 1, 2, 2), (1, 1, 1, 2), (2, 0, 0, 2), (0, 0, 0, 2)])
afterfor= deque([(0, 0, 1, 2), (1, 1, 2, 2), (1, 1, 1, 2), (2, 0, 0, 2), (0, 0, 0, 2)])
now= 0 0 crashed= 1
queueeue= deque([(1, 1, 2, 2), (1, 1, 1, 2), (2, 0, 0, 2), (0, 0, 0, 2)])
afterfor= deque([(1, 1, 2, 2), (1, 1, 1, 2), (2, 0, 0, 2), (0, 0, 0, 2), (0, 1, 2, 3), (1, 0, 1, 3)])
now= 1 1 crashed= 2
queueeue= deque([(1, 1, 1, 2), (2, 0, 0, 2), (0, 0, 0, 2), (0, 1, 2, 3), (1, 0, 1, 3)])
afterfor= deque([(1, 1, 1, 2), (2, 0, 0, 2), (0, 0, 0, 2), (0, 1, 2, 3), (1, 0, 1, 3), (1, 0, 2, 3)])
now= 1 1 crashed= 1
queueeue= deque([(2, 0, 0, 2), (0, 0, 0, 2), (0, 1, 2, 3), (1, 0, 1, 3), (1, 0, 2, 3)])
afterfor= deque([(2, 0, 0, 2), (0, 0, 0, 2), (0, 1, 2, 3), (1, 0, 1, 3), (1, 0, 2, 3), (1, 2, 2, 3), (2, 1, 2, 3), (0, 1, 2, 3)])
now= 2 0 crashed= 0
queueeue= deque([(0, 0, 0, 2), (0, 1, 2, 3), (1, 0, 1, 3), (1, 0, 2, 3), (1, 2, 2, 3), (2, 1, 2, 3), (0, 1, 2, 3)])
afterfor= deque([(0, 0, 0, 2), (0, 1, 2, 3), (1, 0, 1, 3), (1, 0, 2, 3), (1, 2, 2, 3), (2, 1, 2, 3), (0, 1, 2, 3), (2, 1, 1, 3), (3, 0, 0, 3)])
now= 0 0 crashed= 0
queueeue= deque([(0, 1, 2, 3), (1, 0, 1, 3), (1, 0, 2, 3), (1, 2, 2, 3), (2, 1, 2, 3), (0, 1, 2, 3), (2, 1, 1, 3), (3, 0, 0, 3)])
afterfor= deque([(0, 1, 2, 3), (1, 0, 1, 3), (1, 0, 2, 3), (1, 2, 2, 3), (2, 1, 2, 3), (0, 1, 2, 3), (2, 1, 1, 3), (3, 0, 0, 3), (0, 1, 1, 3)])
now= 0 1 crashed= 2
queueeue= deque([(1, 0, 1, 3), (1, 0, 2, 3), (1, 2, 2, 3), (2, 1, 2, 3), (0, 1, 2, 3), (2, 1, 1, 3), (3, 0, 0, 3), (0, 1, 1, 3)])
afterfor= deque([(1, 0, 1, 3), (1, 0, 2, 3), (1, 2, 2, 3), (2, 1, 2, 3), (0, 1, 2, 3), (2, 1, 1, 3), (3, 0, 0, 3), (0, 1, 1, 3), (0, 0, 2, 4)])
now= 1 0 crashed= 1
queueeue= deque([(1, 0, 2, 3), (1, 2, 2, 3), (2, 1, 2, 3), (0, 1, 2, 3), (2, 1, 1, 3), (3, 0, 0, 3), (0, 1, 1, 3), (0, 0, 2, 4)])
afterfor= deque([(1, 0, 2, 3), (1, 2, 2, 3), (2, 1, 2, 3), (0, 1, 2, 3), (2, 1, 1, 3), (3, 0, 0, 3), (0, 1, 1, 3), (0, 0, 2, 4), (1, 1, 2, 4), (2, 0, 1, 4)])
now= 1 0 crashed= 2
queueeue= deque([(1, 2, 2, 3), (2, 1, 2, 3), (0, 1, 2, 3), (2, 1, 1, 3), (3, 0, 0, 3), (0, 1, 1, 3), (0, 0, 2, 4), (1, 1, 2, 4), (2, 0, 1, 4)])
afterfor= deque([(1, 2, 2, 3), (2, 1, 2, 3), (0, 1, 2, 3), (2, 1, 1, 3), (3, 0, 0, 3), (0, 1, 1, 3), (0, 0, 2, 4), (1, 1, 2, 4), (2, 0, 1, 4), (2, 0, 2, 4)])
now= 1 2 crashed= 2
queueeue= deque([(2, 1, 2, 3), (0, 1, 2, 3), (2, 1, 1, 3), (3, 0, 0, 3), (0, 1, 1, 3), (0, 0, 2, 4), (1, 1, 2, 4), (2, 0, 1, 4), (2, 0, 2, 4)])
afterfor= deque([(2, 1, 2, 3), (0, 1, 2, 3), (2, 1, 1, 3), (3, 0, 0, 3), (0, 1, 1, 3), (0, 0, 2, 4), (1, 1, 2, 4), (2, 0, 1, 4), (2, 0, 2, 4), (1, 3, 2, 4), (2, 2, 2, 4)])
now= 2 1 crashed= 2
queueeue= deque([(0, 1, 2, 3), (2, 1, 1, 3), (3, 0, 0, 3), (0, 1, 1, 3), (0, 0, 2, 4), (1, 1, 2, 4), (2, 0, 1, 4), (2, 0, 2, 4), (1, 3, 2, 4), (2, 2, 2, 4)])
afterfor= deque([(0, 1, 2, 3), (2, 1, 1, 3), (3, 0, 0, 3), (0, 1, 1, 3), (0, 0, 2, 4), (1, 1, 2, 4), (2, 0, 1, 4), (2, 0, 2, 4), (1, 3, 2, 4), (2, 2, 2, 4)])
now= 0 1 crashed= 2
queueeue= deque([(2, 1, 1, 3), (3, 0, 0, 3), (0, 1, 1, 3), (0, 0, 2, 4), (1, 1, 2, 4), (2, 0, 1, 4), (2, 0, 2, 4), (1, 3, 2, 4), (2, 2, 2, 4)])
afterfor= deque([(2, 1, 1, 3), (3, 0, 0, 3), (0, 1, 1, 3), (0, 0, 2, 4), (1, 1, 2, 4), (2, 0, 1, 4), (2, 0, 2, 4), (1, 3, 2, 4), (2, 2, 2, 4)])
now= 2 1 crashed= 1
queueeue= deque([(3, 0, 0, 3), (0, 1, 1, 3), (0, 0, 2, 4), (1, 1, 2, 4), (2, 0, 1, 4), (2, 0, 2, 4), (1, 3, 2, 4), (2, 2, 2, 4)])
afterfor= deque([(3, 0, 0, 3), (0, 1, 1, 3), (0, 0, 2, 4), (1, 1, 2, 4), (2, 0, 1, 4), (2, 0, 2, 4), (1, 3, 2, 4), (2, 2, 2, 4), (2, 2, 1, 4), (3, 1, 2, 4), (1, 1, 2, 4)])
now= 3 0 crashed= 0
queueeue= deque([(0, 1, 1, 3), (0, 0, 2, 4), (1, 1, 2, 4), (2, 0, 1, 4), (2, 0, 2, 4), (1, 3, 2, 4), (2, 2, 2, 4), (2, 2, 1, 4), (3, 1, 2, 4), (1, 1, 2, 4)])
afterfor= deque([(0, 1, 1, 3), (0, 0, 2, 4), (1, 1, 2, 4), (2, 0, 1, 4), (2, 0, 2, 4), (1, 3, 2, 4), (2, 2, 2, 4), (2, 2, 1, 4), (3, 1, 2, 4), (1, 1, 2, 4), (3, 1, 1, 4), (4, 0, 0, 4)])
now= 0 1 crashed= 1
queueeue= deque([(0, 0, 2, 4), (1, 1, 2, 4), (2, 0, 1, 4), (2, 0, 2, 4), (1, 3, 2, 4), (2, 2, 2, 4), (2, 2, 1, 4), (3, 1, 2, 4), (1, 1, 2, 4), (3, 1, 1, 4), (4, 0, 0, 4)])
afterfor= deque([(0, 0, 2, 4), (1, 1, 2, 4), (2, 0, 1, 4), (2, 0, 2, 4), (1, 3, 2, 4), (2, 2, 2, 4), (2, 2, 1, 4), (3, 1, 2, 4), (1, 1, 2, 4), (3, 1, 1, 4), (4, 0, 0, 4), (0, 2, 2, 4), (1, 1, 2, 4)])
now= 0 0 crashed= 2
queueeue= deque([(1, 1, 2, 4), (2, 0, 1, 4), (2, 0, 2, 4), (1, 3, 2, 4), (2, 2, 2, 4), (2, 2, 1, 4), (3, 1, 2, 4), (1, 1, 2, 4), (3, 1, 1, 4), (4, 0, 0, 4), (0, 2, 2, 4), (1, 1, 2, 4)])
afterfor= deque([(1, 1, 2, 4), (2, 0, 1, 4), (2, 0, 2, 4), (1, 3, 2, 4), (2, 2, 2, 4), (2, 2, 1, 4), (3, 1, 2, 4), (1, 1, 2, 4), (3, 1, 1, 4), (4, 0, 0, 4), (0, 2, 2, 4), (1, 1, 2, 4)])
now= 1 1 crashed= 2
queueeue= deque([(2, 0, 1, 4), (2, 0, 2, 4), (1, 3, 2, 4), (2, 2, 2, 4), (2, 2, 1, 4), (3, 1, 2, 4), (1, 1, 2, 4), (3, 1, 1, 4), (4, 0, 0, 4), (0, 2, 2, 4), (1, 1, 2, 4)])
afterfor= deque([(2, 0, 1, 4), (2, 0, 2, 4), (1, 3, 2, 4), (2, 2, 2, 4), (2, 2, 1, 4), (3, 1, 2, 4), (1, 1, 2, 4), (3, 1, 1, 4), (4, 0, 0, 4), (0, 2, 2, 4), (1, 1, 2, 4)])
now= 2 0 crashed= 1
queueeue= deque([(2, 0, 2, 4), (1, 3, 2, 4), (2, 2, 2, 4), (2, 2, 1, 4), (3, 1, 2, 4), (1, 1, 2, 4), (3, 1, 1, 4), (4, 0, 0, 4), (0, 2, 2, 4), (1, 1, 2, 4)])
afterfor= deque([(2, 0, 2, 4), (1, 3, 2, 4), (2, 2, 2, 4), (2, 2, 1, 4), (3, 1, 2, 4), (1, 1, 2, 4), (3, 1, 1, 4), (4, 0, 0, 4), (0, 2, 2, 4), (1, 1, 2, 4), (2, 1, 2, 5), (3, 0, 1, 5)])
now= 2 0 crashed= 2
queueeue= deque([(1, 3, 2, 4), (2, 2, 2, 4), (2, 2, 1, 4), (3, 1, 2, 4), (1, 1, 2, 4), (3, 1, 1, 4), (4, 0, 0, 4), (0, 2, 2, 4), (1, 1, 2, 4), (2, 1, 2, 5), (3, 0, 1, 5)])
afterfor= deque([(1, 3, 2, 4), (2, 2, 2, 4), (2, 2, 1, 4), (3, 1, 2, 4), (1, 1, 2, 4), (3, 1, 1, 4), (4, 0, 0, 4), (0, 2, 2, 4), (1, 1, 2, 4), (2, 1, 2, 5), (3, 0, 1, 5), (3, 0, 2, 5)])
now= 1 3 crashed= 2
queueeue= deque([(2, 2, 2, 4), (2, 2, 1, 4), (3, 1, 2, 4), (1, 1, 2, 4), (3, 1, 1, 4), (4, 0, 0, 4), (0, 2, 2, 4), (1, 1, 2, 4), (2, 1, 2, 5), (3, 0, 1, 5), (3, 0, 2, 5)])
afterfor= deque([(2, 2, 2, 4), (2, 2, 1, 4), (3, 1, 2, 4), (1, 1, 2, 4), (3, 1, 1, 4), (4, 0, 0, 4), (0, 2, 2, 4), (1, 1, 2, 4), (2, 1, 2, 5), (3, 0, 1, 5), (3, 0, 2, 5), (1, 4, 2, 5), (2, 3, 2, 5)])
now= 2 2 crashed= 2
queueeue= deque([(2, 2, 1, 4), (3, 1, 2, 4), (1, 1, 2, 4), (3, 1, 1, 4), (4, 0, 0, 4), (0, 2, 2, 4), (1, 1, 2, 4), (2, 1, 2, 5), (3, 0, 1, 5), (3, 0, 2, 5), (1, 4, 2, 5), (2, 3, 2, 5)])
afterfor= deque([(2, 2, 1, 4), (3, 1, 2, 4), (1, 1, 2, 4), (3, 1, 1, 4), (4, 0, 0, 4), (0, 2, 2, 4), (1, 1, 2, 4), (2, 1, 2, 5), (3, 0, 1, 5), (3, 0, 2, 5), (1, 4, 2, 5), (2, 3, 2, 5), (3, 2, 2, 5)])
now= 2 2 crashed= 1
queueeue= deque([(3, 1, 2, 4), (1, 1, 2, 4), (3, 1, 1, 4), (4, 0, 0, 4), (0, 2, 2, 4), (1, 1, 2, 4), (2, 1, 2, 5), (3, 0, 1, 5), (3, 0, 2, 5), (1, 4, 2, 5), (2, 3, 2, 5), (3, 2, 2, 5)])
afterfor= deque([(3, 1, 2, 4), (1, 1, 2, 4), (3, 1, 1, 4), (4, 0, 0, 4), (0, 2, 2, 4), (1, 1, 2, 4), (2, 1, 2, 5), (3, 0, 1, 5), (3, 0, 2, 5), (1, 4, 2, 5), (2, 3, 2, 5), (3, 2, 2, 5), (2, 3, 1, 5), (2, 1, 2, 5), (3, 2, 1, 5), (1, 2, 2, 5)])
now= 3 1 crashed= 2
queueeue= deque([(1, 1, 2, 4), (3, 1, 1, 4), (4, 0, 0, 4), (0, 2, 2, 4), (1, 1, 2, 4), (2, 1, 2, 5), (3, 0, 1, 5), (3, 0, 2, 5), (1, 4, 2, 5), (2, 3, 2, 5), (3, 2, 2, 5), (2, 3, 1, 5), (2, 1, 2, 5), (3, 2, 1, 5), (1, 2, 2, 5)])
afterfor= deque([(1, 1, 2, 4), (3, 1, 1, 4), (4, 0, 0, 4), (0, 2, 2, 4), (1, 1, 2, 4), (2, 1, 2, 5), (3, 0, 1, 5), (3, 0, 2, 5), (1, 4, 2, 5), (2, 3, 2, 5), (3, 2, 2, 5), (2, 3, 1, 5), (2, 1, 2, 5), (3, 2, 1, 5), (1, 2, 2, 5), (4, 1, 2, 5)])
now= 1 1 crashed= 2
queueeue= deque([(3, 1, 1, 4), (4, 0, 0, 4), (0, 2, 2, 4), (1, 1, 2, 4), (2, 1, 2, 5), (3, 0, 1, 5), (3, 0, 2, 5), (1, 4, 2, 5), (2, 3, 2, 5), (3, 2, 2, 5), (2, 3, 1, 5), (2, 1, 2, 5), (3, 2, 1, 5), (1, 2, 2, 5), (4, 1, 2, 5)])
afterfor= deque([(3, 1, 1, 4), (4, 0, 0, 4), (0, 2, 2, 4), (1, 1, 2, 4), (2, 1, 2, 5), (3, 0, 1, 5), (3, 0, 2, 5), (1, 4, 2, 5), (2, 3, 2, 5), (3, 2, 2, 5), (2, 3, 1, 5), (2, 1, 2, 5), (3, 2, 1, 5), (1, 2, 2, 5), (4, 1, 2, 5)])
now= 3 1 crashed= 1
queueeue= deque([(4, 0, 0, 4), (0, 2, 2, 4), (1, 1, 2, 4), (2, 1, 2, 5), (3, 0, 1, 5), (3, 0, 2, 5), (1, 4, 2, 5), (2, 3, 2, 5), (3, 2, 2, 5), (2, 3, 1, 5), (2, 1, 2, 5), (3, 2, 1, 5), (1, 2, 2, 5), (4, 1, 2, 5)])
afterfor= deque([(4, 0, 0, 4), (0, 2, 2, 4), (1, 1, 2, 4), (2, 1, 2, 5), (3, 0, 1, 5), (3, 0, 2, 5), (1, 4, 2, 5), (2, 3, 2, 5), (3, 2, 2, 5), (2, 3, 1, 5), (2, 1, 2, 5), (3, 2, 1, 5), (1, 2, 2, 5), (4, 1, 2, 5), (4, 1, 1, 5), (2, 1, 2, 5)])
now= 4 0 crashed= 0
queueeue= deque([(0, 2, 2, 4), (1, 1, 2, 4), (2, 1, 2, 5), (3, 0, 1, 5), (3, 0, 2, 5), (1, 4, 2, 5), (2, 3, 2, 5), (3, 2, 2, 5), (2, 3, 1, 5), (2, 1, 2, 5), (3, 2, 1, 5), (1, 2, 2, 5), (4, 1, 2, 5), (4, 1, 1, 5), (2, 1, 2, 5)])
afterfor= deque([(0, 2, 2, 4), (1, 1, 2, 4), (2, 1, 2, 5), (3, 0, 1, 5), (3, 0, 2, 5), (1, 4, 2, 5), (2, 3, 2, 5), (3, 2, 2, 5), (2, 3, 1, 5), (2, 1, 2, 5), (3, 2, 1, 5), (1, 2, 2, 5), (4, 1, 2, 5), (4, 1, 1, 5), (2, 1, 2, 5), (4, 1, 0, 5)])
now= 0 2 crashed= 2
queueeue= deque([(1, 1, 2, 4), (2, 1, 2, 5), (3, 0, 1, 5), (3, 0, 2, 5), (1, 4, 2, 5), (2, 3, 2, 5), (3, 2, 2, 5), (2, 3, 1, 5), (2, 1, 2, 5), (3, 2, 1, 5), (1, 2, 2, 5), (4, 1, 2, 5), (4, 1, 1, 5), (2, 1, 2, 5), (4, 1, 0, 5)])
afterfor= deque([(1, 1, 2, 4), (2, 1, 2, 5), (3, 0, 1, 5), (3, 0, 2, 5), (1, 4, 2, 5), (2, 3, 2, 5), (3, 2, 2, 5), (2, 3, 1, 5), (2, 1, 2, 5), (3, 2, 1, 5), (1, 2, 2, 5), (4, 1, 2, 5), (4, 1, 1, 5), (2, 1, 2, 5), (4, 1, 0, 5)])
now= 1 1 crashed= 2
queueeue= deque([(2, 1, 2, 5), (3, 0, 1, 5), (3, 0, 2, 5), (1, 4, 2, 5), (2, 3, 2, 5), (3, 2, 2, 5), (2, 3, 1, 5), (2, 1, 2, 5), (3, 2, 1, 5), (1, 2, 2, 5), (4, 1, 2, 5), (4, 1, 1, 5), (2, 1, 2, 5), (4, 1, 0, 5)])
afterfor= deque([(2, 1, 2, 5), (3, 0, 1, 5), (3, 0, 2, 5), (1, 4, 2, 5), (2, 3, 2, 5), (3, 2, 2, 5), (2, 3, 1, 5), (2, 1, 2, 5), (3, 2, 1, 5), (1, 2, 2, 5), (4, 1, 2, 5), (4, 1, 1, 5), (2, 1, 2, 5), (4, 1, 0, 5)])
now= 2 1 crashed= 2
queueeue= deque([(3, 0, 1, 5), (3, 0, 2, 5), (1, 4, 2, 5), (2, 3, 2, 5), (3, 2, 2, 5), (2, 3, 1, 5), (2, 1, 2, 5), (3, 2, 1, 5), (1, 2, 2, 5), (4, 1, 2, 5), (4, 1, 1, 5), (2, 1, 2, 5), (4, 1, 0, 5)])
afterfor= deque([(3, 0, 1, 5), (3, 0, 2, 5), (1, 4, 2, 5), (2, 3, 2, 5), (3, 2, 2, 5), (2, 3, 1, 5), (2, 1, 2, 5), (3, 2, 1, 5), (1, 2, 2, 5), (4, 1, 2, 5), (4, 1, 1, 5), (2, 1, 2, 5), (4, 1, 0, 5)])
now= 3 0 crashed= 1
queueeue= deque([(3, 0, 2, 5), (1, 4, 2, 5), (2, 3, 2, 5), (3, 2, 2, 5), (2, 3, 1, 5), (2, 1, 2, 5), (3, 2, 1, 5), (1, 2, 2, 5), (4, 1, 2, 5), (4, 1, 1, 5), (2, 1, 2, 5), (4, 1, 0, 5)])
afterfor= deque([(3, 0, 2, 5), (1, 4, 2, 5), (2, 3, 2, 5), (3, 2, 2, 5), (2, 3, 1, 5), (2, 1, 2, 5), (3, 2, 1, 5), (1, 2, 2, 5), (4, 1, 2, 5), (4, 1, 1, 5), (2, 1, 2, 5), (4, 1, 0, 5), (3, 1, 2, 6), (4, 0, 1, 6)])
now= 3 0 crashed= 2
queueeue= deque([(1, 4, 2, 5), (2, 3, 2, 5), (3, 2, 2, 5), (2, 3, 1, 5), (2, 1, 2, 5), (3, 2, 1, 5), (1, 2, 2, 5), (4, 1, 2, 5), (4, 1, 1, 5), (2, 1, 2, 5), (4, 1, 0, 5), (3, 1, 2, 6), (4, 0, 1, 6)])
afterfor= deque([(1, 4, 2, 5), (2, 3, 2, 5), (3, 2, 2, 5), (2, 3, 1, 5), (2, 1, 2, 5), (3, 2, 1, 5), (1, 2, 2, 5), (4, 1, 2, 5), (4, 1, 1, 5), (2, 1, 2, 5), (4, 1, 0, 5), (3, 1, 2, 6), (4, 0, 1, 6), (4, 0, 2, 6)])
now= 1 4 crashed= 2
queueeue= deque([(2, 3, 2, 5), (3, 2, 2, 5), (2, 3, 1, 5), (2, 1, 2, 5), (3, 2, 1, 5), (1, 2, 2, 5), (4, 1, 2, 5), (4, 1, 1, 5), (2, 1, 2, 5), (4, 1, 0, 5), (3, 1, 2, 6), (4, 0, 1, 6), (4, 0, 2, 6)])
afterfor= deque([(2, 3, 2, 5), (3, 2, 2, 5), (2, 3, 1, 5), (2, 1, 2, 5), (3, 2, 1, 5), (1, 2, 2, 5), (4, 1, 2, 5), (4, 1, 1, 5), (2, 1, 2, 5), (4, 1, 0, 5), (3, 1, 2, 6), (4, 0, 1, 6), (4, 0, 2, 6), (1, 5, 2, 6), (0, 4, 2, 6)])
now= 2 3 crashed= 2
queueeue= deque([(3, 2, 2, 5), (2, 3, 1, 5), (2, 1, 2, 5), (3, 2, 1, 5), (1, 2, 2, 5), (4, 1, 2, 5), (4, 1, 1, 5), (2, 1, 2, 5), (4, 1, 0, 5), (3, 1, 2, 6), (4, 0, 1, 6), (4, 0, 2, 6), (1, 5, 2, 6), (0, 4, 2, 6)])
afterfor= deque([(3, 2, 2, 5), (2, 3, 1, 5), (2, 1, 2, 5), (3, 2, 1, 5), (1, 2, 2, 5), (4, 1, 2, 5), (4, 1, 1, 5), (2, 1, 2, 5), (4, 1, 0, 5), (3, 1, 2, 6), (4, 0, 1, 6), (4, 0, 2, 6), (1, 5, 2, 6), (0, 4, 2, 6), (3, 3, 2, 6)])
now= 3 2 crashed= 2
queueeue= deque([(2, 3, 1, 5), (2, 1, 2, 5), (3, 2, 1, 5), (1, 2, 2, 5), (4, 1, 2, 5), (4, 1, 1, 5), (2, 1, 2, 5), (4, 1, 0, 5), (3, 1, 2, 6), (4, 0, 1, 6), (4, 0, 2, 6), (1, 5, 2, 6), (0, 4, 2, 6), (3, 3, 2, 6)])
afterfor= deque([(2, 3, 1, 5), (2, 1, 2, 5), (3, 2, 1, 5), (1, 2, 2, 5), (4, 1, 2, 5), (4, 1, 1, 5), (2, 1, 2, 5), (4, 1, 0, 5), (3, 1, 2, 6), (4, 0, 1, 6), (4, 0, 2, 6), (1, 5, 2, 6), (0, 4, 2, 6), (3, 3, 2, 6), (4, 2, 2, 6)])
now= 2 3 crashed= 1
queueeue= deque([(2, 1, 2, 5), (3, 2, 1, 5), (1, 2, 2, 5), (4, 1, 2, 5), (4, 1, 1, 5), (2, 1, 2, 5), (4, 1, 0, 5), (3, 1, 2, 6), (4, 0, 1, 6), (4, 0, 2, 6), (1, 5, 2, 6), (0, 4, 2, 6), (3, 3, 2, 6), (4, 2, 2, 6)])
afterfor= deque([(2, 1, 2, 5), (3, 2, 1, 5), (1, 2, 2, 5), (4, 1, 2, 5), (4, 1, 1, 5), (2, 1, 2, 5), (4, 1, 0, 5), (3, 1, 2, 6), (4, 0, 1, 6), (4, 0, 2, 6), (1, 5, 2, 6), (0, 4, 2, 6), (3, 3, 2, 6), (4, 2, 2, 6), (2, 4, 2, 6), (3, 3, 1, 6), (1, 3, 1, 6)])
now= 2 1 crashed= 2
queueeue= deque([(3, 2, 1, 5), (1, 2, 2, 5), (4, 1, 2, 5), (4, 1, 1, 5), (2, 1, 2, 5), (4, 1, 0, 5), (3, 1, 2, 6), (4, 0, 1, 6), (4, 0, 2, 6), (1, 5, 2, 6), (0, 4, 2, 6), (3, 3, 2, 6), (4, 2, 2, 6), (2, 4, 2, 6), (3, 3, 1, 6), (1, 3, 1, 6)])
afterfor= deque([(3, 2, 1, 5), (1, 2, 2, 5), (4, 1, 2, 5), (4, 1, 1, 5), (2, 1, 2, 5), (4, 1, 0, 5), (3, 1, 2, 6), (4, 0, 1, 6), (4, 0, 2, 6), (1, 5, 2, 6), (0, 4, 2, 6), (3, 3, 2, 6), (4, 2, 2, 6), (2, 4, 2, 6), (3, 3, 1, 6), (1, 3, 1, 6)])
now= 3 2 crashed= 1
queueeue= deque([(1, 2, 2, 5), (4, 1, 2, 5), (4, 1, 1, 5), (2, 1, 2, 5), (4, 1, 0, 5), (3, 1, 2, 6), (4, 0, 1, 6), (4, 0, 2, 6), (1, 5, 2, 6), (0, 4, 2, 6), (3, 3, 2, 6), (4, 2, 2, 6), (2, 4, 2, 6), (3, 3, 1, 6), (1, 3, 1, 6)])
afterfor= deque([(1, 2, 2, 5), (4, 1, 2, 5), (4, 1, 1, 5), (2, 1, 2, 5), (4, 1, 0, 5), (3, 1, 2, 6), (4, 0, 1, 6), (4, 0, 2, 6), (1, 5, 2, 6), (0, 4, 2, 6), (3, 3, 2, 6), (4, 2, 2, 6), (2, 4, 2, 6), (3, 3, 1, 6), (1, 3, 1, 6), (3, 1, 2, 6), (4, 2, 1, 6)])
now= 1 2 crashed= 2
queueeue= deque([(4, 1, 2, 5), (4, 1, 1, 5), (2, 1, 2, 5), (4, 1, 0, 5), (3, 1, 2, 6), (4, 0, 1, 6), (4, 0, 2, 6), (1, 5, 2, 6), (0, 4, 2, 6), (3, 3, 2, 6), (4, 2, 2, 6), (2, 4, 2, 6), (3, 3, 1, 6), (1, 3, 1, 6), (3, 1, 2, 6), (4, 2, 1, 6)])
afterfor= deque([(4, 1, 2, 5), (4, 1, 1, 5), (2, 1, 2, 5), (4, 1, 0, 5), (3, 1, 2, 6), (4, 0, 1, 6), (4, 0, 2, 6), (1, 5, 2, 6), (0, 4, 2, 6), (3, 3, 2, 6), (4, 2, 2, 6), (2, 4, 2, 6), (3, 3, 1, 6), (1, 3, 1, 6), (3, 1, 2, 6), (4, 2, 1, 6)])
now= 4 1 crashed= 2
queueeue= deque([(4, 1, 1, 5), (2, 1, 2, 5), (4, 1, 0, 5), (3, 1, 2, 6), (4, 0, 1, 6), (4, 0, 2, 6), (1, 5, 2, 6), (0, 4, 2, 6), (3, 3, 2, 6), (4, 2, 2, 6), (2, 4, 2, 6), (3, 3, 1, 6), (1, 3, 1, 6), (3, 1, 2, 6), (4, 2, 1, 6)])
afterfor= deque([(4, 1, 1, 5), (2, 1, 2, 5), (4, 1, 0, 5), (3, 1, 2, 6), (4, 0, 1, 6), (4, 0, 2, 6), (1, 5, 2, 6), (0, 4, 2, 6), (3, 3, 2, 6), (4, 2, 2, 6), (2, 4, 2, 6), (3, 3, 1, 6), (1, 3, 1, 6), (3, 1, 2, 6), (4, 2, 1, 6)])
now= 4 1 crashed= 1
queueeue= deque([(2, 1, 2, 5), (4, 1, 0, 5), (3, 1, 2, 6), (4, 0, 1, 6), (4, 0, 2, 6), (1, 5, 2, 6), (0, 4, 2, 6), (3, 3, 2, 6), (4, 2, 2, 6), (2, 4, 2, 6), (3, 3, 1, 6), (1, 3, 1, 6), (3, 1, 2, 6), (4, 2, 1, 6)])
afterfor= deque([(2, 1, 2, 5), (4, 1, 0, 5), (3, 1, 2, 6), (4, 0, 1, 6), (4, 0, 2, 6), (1, 5, 2, 6), (0, 4, 2, 6), (3, 3, 2, 6), (4, 2, 2, 6), (2, 4, 2, 6), (3, 3, 1, 6), (1, 3, 1, 6), (3, 1, 2, 6), (4, 2, 1, 6), (3, 1, 2, 6)])
now= 2 1 crashed= 2
queueeue= deque([(4, 1, 0, 5), (3, 1, 2, 6), (4, 0, 1, 6), (4, 0, 2, 6), (1, 5, 2, 6), (0, 4, 2, 6), (3, 3, 2, 6), (4, 2, 2, 6), (2, 4, 2, 6), (3, 3, 1, 6), (1, 3, 1, 6), (3, 1, 2, 6), (4, 2, 1, 6), (3, 1, 2, 6)])
afterfor= deque([(4, 1, 0, 5), (3, 1, 2, 6), (4, 0, 1, 6), (4, 0, 2, 6), (1, 5, 2, 6), (0, 4, 2, 6), (3, 3, 2, 6), (4, 2, 2, 6), (2, 4, 2, 6), (3, 3, 1, 6), (1, 3, 1, 6), (3, 1, 2, 6), (4, 2, 1, 6), (3, 1, 2, 6)])
now= 4 1 crashed= 0
queueeue= deque([(3, 1, 2, 6), (4, 0, 1, 6), (4, 0, 2, 6), (1, 5, 2, 6), (0, 4, 2, 6), (3, 3, 2, 6), (4, 2, 2, 6), (2, 4, 2, 6), (3, 3, 1, 6), (1, 3, 1, 6), (3, 1, 2, 6), (4, 2, 1, 6), (3, 1, 2, 6)])
afterfor= deque([(3, 1, 2, 6), (4, 0, 1, 6), (4, 0, 2, 6), (1, 5, 2, 6), (0, 4, 2, 6), (3, 3, 2, 6), (4, 2, 2, 6), (2, 4, 2, 6), (3, 3, 1, 6), (1, 3, 1, 6), (3, 1, 2, 6), (4, 2, 1, 6), (3, 1, 2, 6), (4, 2, 0, 6), (3, 1, 1, 6)])
now= 3 1 crashed= 2
queueeue= deque([(4, 0, 1, 6), (4, 0, 2, 6), (1, 5, 2, 6), (0, 4, 2, 6), (3, 3, 2, 6), (4, 2, 2, 6), (2, 4, 2, 6), (3, 3, 1, 6), (1, 3, 1, 6), (3, 1, 2, 6), (4, 2, 1, 6), (3, 1, 2, 6), (4, 2, 0, 6), (3, 1, 1, 6)])
afterfor= deque([(4, 0, 1, 6), (4, 0, 2, 6), (1, 5, 2, 6), (0, 4, 2, 6), (3, 3, 2, 6), (4, 2, 2, 6), (2, 4, 2, 6), (3, 3, 1, 6), (1, 3, 1, 6), (3, 1, 2, 6), (4, 2, 1, 6), (3, 1, 2, 6), (4, 2, 0, 6), (3, 1, 1, 6)])
now= 4 0 crashed= 1
queueeue= deque([(4, 0, 2, 6), (1, 5, 2, 6), (0, 4, 2, 6), (3, 3, 2, 6), (4, 2, 2, 6), (2, 4, 2, 6), (3, 3, 1, 6), (1, 3, 1, 6), (3, 1, 2, 6), (4, 2, 1, 6), (3, 1, 2, 6), (4, 2, 0, 6), (3, 1, 1, 6)])
afterfor= deque([(4, 0, 2, 6), (1, 5, 2, 6), (0, 4, 2, 6), (3, 3, 2, 6), (4, 2, 2, 6), (2, 4, 2, 6), (3, 3, 1, 6), (1, 3, 1, 6), (3, 1, 2, 6), (4, 2, 1, 6), (3, 1, 2, 6), (4, 2, 0, 6), (3, 1, 1, 6)])
now= 4 0 crashed= 2
queueeue= deque([(1, 5, 2, 6), (0, 4, 2, 6), (3, 3, 2, 6), (4, 2, 2, 6), (2, 4, 2, 6), (3, 3, 1, 6), (1, 3, 1, 6), (3, 1, 2, 6), (4, 2, 1, 6), (3, 1, 2, 6), (4, 2, 0, 6), (3, 1, 1, 6)])
afterfor= deque([(1, 5, 2, 6), (0, 4, 2, 6), (3, 3, 2, 6), (4, 2, 2, 6), (2, 4, 2, 6), (3, 3, 1, 6), (1, 3, 1, 6), (3, 1, 2, 6), (4, 2, 1, 6), (3, 1, 2, 6), (4, 2, 0, 6), (3, 1, 1, 6)])
now= 1 5 crashed= 2
queueeue= deque([(0, 4, 2, 6), (3, 3, 2, 6), (4, 2, 2, 6), (2, 4, 2, 6), (3, 3, 1, 6), (1, 3, 1, 6), (3, 1, 2, 6), (4, 2, 1, 6), (3, 1, 2, 6), (4, 2, 0, 6), (3, 1, 1, 6)])
afterfor= deque([(0, 4, 2, 6), (3, 3, 2, 6), (4, 2, 2, 6), (2, 4, 2, 6), (3, 3, 1, 6), (1, 3, 1, 6), (3, 1, 2, 6), (4, 2, 1, 6), (3, 1, 2, 6), (4, 2, 0, 6), (3, 1, 1, 6), (2, 5, 2, 7), (0, 5, 2, 7)])
now= 0 4 crashed= 2
queueeue= deque([(3, 3, 2, 6), (4, 2, 2, 6), (2, 4, 2, 6), (3, 3, 1, 6), (1, 3, 1, 6), (3, 1, 2, 6), (4, 2, 1, 6), (3, 1, 2, 6), (4, 2, 0, 6), (3, 1, 1, 6), (2, 5, 2, 7), (0, 5, 2, 7)])
afterfor= deque([(3, 3, 2, 6), (4, 2, 2, 6), (2, 4, 2, 6), (3, 3, 1, 6), (1, 3, 1, 6), (3, 1, 2, 6), (4, 2, 1, 6), (3, 1, 2, 6), (4, 2, 0, 6), (3, 1, 1, 6), (2, 5, 2, 7), (0, 5, 2, 7)])
now= 3 3 crashed= 2
queueeue= deque([(4, 2, 2, 6), (2, 4, 2, 6), (3, 3, 1, 6), (1, 3, 1, 6), (3, 1, 2, 6), (4, 2, 1, 6), (3, 1, 2, 6), (4, 2, 0, 6), (3, 1, 1, 6), (2, 5, 2, 7), (0, 5, 2, 7)])
afterfor= deque([(4, 2, 2, 6), (2, 4, 2, 6), (3, 3, 1, 6), (1, 3, 1, 6), (3, 1, 2, 6), (4, 2, 1, 6), (3, 1, 2, 6), (4, 2, 0, 6), (3, 1, 1, 6), (2, 5, 2, 7), (0, 5, 2, 7)])
now= 4 2 crashed= 2
queueeue= deque([(2, 4, 2, 6), (3, 3, 1, 6), (1, 3, 1, 6), (3, 1, 2, 6), (4, 2, 1, 6), (3, 1, 2, 6), (4, 2, 0, 6), (3, 1, 1, 6), (2, 5, 2, 7), (0, 5, 2, 7)])
afterfor= deque([(2, 4, 2, 6), (3, 3, 1, 6), (1, 3, 1, 6), (3, 1, 2, 6), (4, 2, 1, 6), (3, 1, 2, 6), (4, 2, 0, 6), (3, 1, 1, 6), (2, 5, 2, 7), (0, 5, 2, 7)])
now= 2 4 crashed= 2
queueeue= deque([(3, 3, 1, 6), (1, 3, 1, 6), (3, 1, 2, 6), (4, 2, 1, 6), (3, 1, 2, 6), (4, 2, 0, 6), (3, 1, 1, 6), (2, 5, 2, 7), (0, 5, 2, 7)])
afterfor= deque([(3, 3, 1, 6), (1, 3, 1, 6), (3, 1, 2, 6), (4, 2, 1, 6), (3, 1, 2, 6), (4, 2, 0, 6), (3, 1, 1, 6), (2, 5, 2, 7), (0, 5, 2, 7)])
now= 3 3 crashed= 1
queueeue= deque([(1, 3, 1, 6), (3, 1, 2, 6), (4, 2, 1, 6), (3, 1, 2, 6), (4, 2, 0, 6), (3, 1, 1, 6), (2, 5, 2, 7), (0, 5, 2, 7)])
afterfor= deque([(1, 3, 1, 6), (3, 1, 2, 6), (4, 2, 1, 6), (3, 1, 2, 6), (4, 2, 0, 6), (3, 1, 1, 6), (2, 5, 2, 7), (0, 5, 2, 7), (3, 4, 2, 7), (4, 3, 2, 7)])
now= 1 3 crashed= 1
queueeue= deque([(3, 1, 2, 6), (4, 2, 1, 6), (3, 1, 2, 6), (4, 2, 0, 6), (3, 1, 1, 6), (2, 5, 2, 7), (0, 5, 2, 7), (3, 4, 2, 7), (4, 3, 2, 7)])
afterfor= deque([(3, 1, 2, 6), (4, 2, 1, 6), (3, 1, 2, 6), (4, 2, 0, 6), (3, 1, 1, 6), (2, 5, 2, 7), (0, 5, 2, 7), (3, 4, 2, 7), (4, 3, 2, 7), (1, 4, 1, 7), (1, 2, 2, 7), (0, 3, 2, 7)])
now= 3 1 crashed= 2
queueeue= deque([(4, 2, 1, 6), (3, 1, 2, 6), (4, 2, 0, 6), (3, 1, 1, 6), (2, 5, 2, 7), (0, 5, 2, 7), (3, 4, 2, 7), (4, 3, 2, 7), (1, 4, 1, 7), (1, 2, 2, 7), (0, 3, 2, 7)])
afterfor= deque([(4, 2, 1, 6), (3, 1, 2, 6), (4, 2, 0, 6), (3, 1, 1, 6), (2, 5, 2, 7), (0, 5, 2, 7), (3, 4, 2, 7), (4, 3, 2, 7), (1, 4, 1, 7), (1, 2, 2, 7), (0, 3, 2, 7)])
now= 4 2 crashed= 1
queueeue= deque([(3, 1, 2, 6), (4, 2, 0, 6), (3, 1, 1, 6), (2, 5, 2, 7), (0, 5, 2, 7), (3, 4, 2, 7), (4, 3, 2, 7), (1, 4, 1, 7), (1, 2, 2, 7), (0, 3, 2, 7)])
afterfor= deque([(3, 1, 2, 6), (4, 2, 0, 6), (3, 1, 1, 6), (2, 5, 2, 7), (0, 5, 2, 7), (3, 4, 2, 7), (4, 3, 2, 7), (1, 4, 1, 7), (1, 2, 2, 7), (0, 3, 2, 7), (4, 3, 2, 7)])
now= 3 1 crashed= 2
queueeue= deque([(4, 2, 0, 6), (3, 1, 1, 6), (2, 5, 2, 7), (0, 5, 2, 7), (3, 4, 2, 7), (4, 3, 2, 7), (1, 4, 1, 7), (1, 2, 2, 7), (0, 3, 2, 7), (4, 3, 2, 7)])
afterfor= deque([(4, 2, 0, 6), (3, 1, 1, 6), (2, 5, 2, 7), (0, 5, 2, 7), (3, 4, 2, 7), (4, 3, 2, 7), (1, 4, 1, 7), (1, 2, 2, 7), (0, 3, 2, 7), (4, 3, 2, 7)])
now= 4 2 crashed= 0
queueeue= deque([(3, 1, 1, 6), (2, 5, 2, 7), (0, 5, 2, 7), (3, 4, 2, 7), (4, 3, 2, 7), (1, 4, 1, 7), (1, 2, 2, 7), (0, 3, 2, 7), (4, 3, 2, 7)])
afterfor= deque([(3, 1, 1, 6), (2, 5, 2, 7), (0, 5, 2, 7), (3, 4, 2, 7), (4, 3, 2, 7), (1, 4, 1, 7), (1, 2, 2, 7), (0, 3, 2, 7), (4, 3, 2, 7), (4, 3, 1, 7), (3, 2, 0, 7)])
now= 3 1 crashed= 1
queueeue= deque([(2, 5, 2, 7), (0, 5, 2, 7), (3, 4, 2, 7), (4, 3, 2, 7), (1, 4, 1, 7), (1, 2, 2, 7), (0, 3, 2, 7), (4, 3, 2, 7), (4, 3, 1, 7), (3, 2, 0, 7)])
afterfor= deque([(2, 5, 2, 7), (0, 5, 2, 7), (3, 4, 2, 7), (4, 3, 2, 7), (1, 4, 1, 7), (1, 2, 2, 7), (0, 3, 2, 7), (4, 3, 2, 7), (4, 3, 1, 7), (3, 2, 0, 7), (2, 1, 2, 7)])
now= 2 5 crashed= 2
queueeue= deque([(0, 5, 2, 7), (3, 4, 2, 7), (4, 3, 2, 7), (1, 4, 1, 7), (1, 2, 2, 7), (0, 3, 2, 7), (4, 3, 2, 7), (4, 3, 1, 7), (3, 2, 0, 7), (2, 1, 2, 7)])
afterfor= deque([(0, 5, 2, 7), (3, 4, 2, 7), (4, 3, 2, 7), (1, 4, 1, 7), (1, 2, 2, 7), (0, 3, 2, 7), (4, 3, 2, 7), (4, 3, 1, 7), (3, 2, 0, 7), (2, 1, 2, 7), (3, 5, 2, 8)])
now= 0 5 crashed= 2
queueeue= deque([(3, 4, 2, 7), (4, 3, 2, 7), (1, 4, 1, 7), (1, 2, 2, 7), (0, 3, 2, 7), (4, 3, 2, 7), (4, 3, 1, 7), (3, 2, 0, 7), (2, 1, 2, 7), (3, 5, 2, 8)])
afterfor= deque([(3, 4, 2, 7), (4, 3, 2, 7), (1, 4, 1, 7), (1, 2, 2, 7), (0, 3, 2, 7), (4, 3, 2, 7), (4, 3, 1, 7), (3, 2, 0, 7), (2, 1, 2, 7), (3, 5, 2, 8)])
now= 3 4 crashed= 2
queueeue= deque([(4, 3, 2, 7), (1, 4, 1, 7), (1, 2, 2, 7), (0, 3, 2, 7), (4, 3, 2, 7), (4, 3, 1, 7), (3, 2, 0, 7), (2, 1, 2, 7), (3, 5, 2, 8)])
afterfor= deque([(4, 3, 2, 7), (1, 4, 1, 7), (1, 2, 2, 7), (0, 3, 2, 7), (4, 3, 2, 7), (4, 3, 1, 7), (3, 2, 0, 7), (2, 1, 2, 7), (3, 5, 2, 8)])
now= 4 3 crashed= 2
queueeue= deque([(1, 4, 1, 7), (1, 2, 2, 7), (0, 3, 2, 7), (4, 3, 2, 7), (4, 3, 1, 7), (3, 2, 0, 7), (2, 1, 2, 7), (3, 5, 2, 8)])
afterfor= deque([(1, 4, 1, 7), (1, 2, 2, 7), (0, 3, 2, 7), (4, 3, 2, 7), (4, 3, 1, 7), (3, 2, 0, 7), (2, 1, 2, 7), (3, 5, 2, 8)])
now= 1 4 crashed= 1
queueeue= deque([(1, 2, 2, 7), (0, 3, 2, 7), (4, 3, 2, 7), (4, 3, 1, 7), (3, 2, 0, 7), (2, 1, 2, 7), (3, 5, 2, 8)])
afterfor= deque([(1, 2, 2, 7), (0, 3, 2, 7), (4, 3, 2, 7), (4, 3, 1, 7), (3, 2, 0, 7), (2, 1, 2, 7), (3, 5, 2, 8), (1, 5, 1, 8), (2, 4, 2, 8), (0, 4, 1, 8)])
now= 1 2 crashed= 2
queueeue= deque([(0, 3, 2, 7), (4, 3, 2, 7), (4, 3, 1, 7), (3, 2, 0, 7), (2, 1, 2, 7), (3, 5, 2, 8), (1, 5, 1, 8), (2, 4, 2, 8), (0, 4, 1, 8)])
afterfor= deque([(0, 3, 2, 7), (4, 3, 2, 7), (4, 3, 1, 7), (3, 2, 0, 7), (2, 1, 2, 7), (3, 5, 2, 8), (1, 5, 1, 8), (2, 4, 2, 8), (0, 4, 1, 8)])
now= 0 3 crashed= 2
queueeue= deque([(4, 3, 2, 7), (4, 3, 1, 7), (3, 2, 0, 7), (2, 1, 2, 7), (3, 5, 2, 8), (1, 5, 1, 8), (2, 4, 2, 8), (0, 4, 1, 8)])
afterfor= deque([(4, 3, 2, 7), (4, 3, 1, 7), (3, 2, 0, 7), (2, 1, 2, 7), (3, 5, 2, 8), (1, 5, 1, 8), (2, 4, 2, 8), (0, 4, 1, 8)])
now= 4 3 crashed= 2
queueeue= deque([(4, 3, 1, 7), (3, 2, 0, 7), (2, 1, 2, 7), (3, 5, 2, 8), (1, 5, 1, 8), (2, 4, 2, 8), (0, 4, 1, 8)])
afterfor= deque([(4, 3, 1, 7), (3, 2, 0, 7), (2, 1, 2, 7), (3, 5, 2, 8), (1, 5, 1, 8), (2, 4, 2, 8), (0, 4, 1, 8)])
now= 4 3 crashed= 1
queueeue= deque([(3, 2, 0, 7), (2, 1, 2, 7), (3, 5, 2, 8), (1, 5, 1, 8), (2, 4, 2, 8), (0, 4, 1, 8)])
afterfor= deque([(3, 2, 0, 7), (2, 1, 2, 7), (3, 5, 2, 8), (1, 5, 1, 8), (2, 4, 2, 8), (0, 4, 1, 8), (4, 4, 2, 8)])
now= 3 2 crashed= 0
queueeue= deque([(2, 1, 2, 7), (3, 5, 2, 8), (1, 5, 1, 8), (2, 4, 2, 8), (0, 4, 1, 8), (4, 4, 2, 8)])
afterfor= deque([(2, 1, 2, 7), (3, 5, 2, 8), (1, 5, 1, 8), (2, 4, 2, 8), (0, 4, 1, 8), (4, 4, 2, 8), (3, 3, 0, 8), (3, 1, 1, 8), (2, 2, 0, 8)])
now= 2 1 crashed= 2
queueeue= deque([(3, 5, 2, 8), (1, 5, 1, 8), (2, 4, 2, 8), (0, 4, 1, 8), (4, 4, 2, 8), (3, 3, 0, 8), (3, 1, 1, 8), (2, 2, 0, 8)])
afterfor= deque([(3, 5, 2, 8), (1, 5, 1, 8), (2, 4, 2, 8), (0, 4, 1, 8), (4, 4, 2, 8), (3, 3, 0, 8), (3, 1, 1, 8), (2, 2, 0, 8)])
now= 3 5 crashed= 2
queueeue= deque([(1, 5, 1, 8), (2, 4, 2, 8), (0, 4, 1, 8), (4, 4, 2, 8), (3, 3, 0, 8), (3, 1, 1, 8), (2, 2, 0, 8)])
afterfor= deque([(1, 5, 1, 8), (2, 4, 2, 8), (0, 4, 1, 8), (4, 4, 2, 8), (3, 3, 0, 8), (3, 1, 1, 8), (2, 2, 0, 8), (4, 5, 2, 9)])
now= 1 5 crashed= 1
queueeue= deque([(2, 4, 2, 8), (0, 4, 1, 8), (4, 4, 2, 8), (3, 3, 0, 8), (3, 1, 1, 8), (2, 2, 0, 8), (4, 5, 2, 9)])
afterfor= deque([(2, 4, 2, 8), (0, 4, 1, 8), (4, 4, 2, 8), (3, 3, 0, 8), (3, 1, 1, 8), (2, 2, 0, 8), (4, 5, 2, 9), (2, 5, 1, 9), (0, 5, 1, 9)])
now= 2 4 crashed= 2
queueeue= deque([(0, 4, 1, 8), (4, 4, 2, 8), (3, 3, 0, 8), (3, 1, 1, 8), (2, 2, 0, 8), (4, 5, 2, 9), (2, 5, 1, 9), (0, 5, 1, 9)])
afterfor= deque([(0, 4, 1, 8), (4, 4, 2, 8), (3, 3, 0, 8), (3, 1, 1, 8), (2, 2, 0, 8), (4, 5, 2, 9), (2, 5, 1, 9), (0, 5, 1, 9)])
now= 0 4 crashed= 1
queueeue= deque([(4, 4, 2, 8), (3, 3, 0, 8), (3, 1, 1, 8), (2, 2, 0, 8), (4, 5, 2, 9), (2, 5, 1, 9), (0, 5, 1, 9)])
afterfor= deque([(4, 4, 2, 8), (3, 3, 0, 8), (3, 1, 1, 8), (2, 2, 0, 8), (4, 5, 2, 9), (2, 5, 1, 9), (0, 5, 1, 9), (0, 3, 2, 9)])
now= 4 4 crashed= 2
queueeue= deque([(3, 3, 0, 8), (3, 1, 1, 8), (2, 2, 0, 8), (4, 5, 2, 9), (2, 5, 1, 9), (0, 5, 1, 9), (0, 3, 2, 9)])
afterfor= deque([(3, 3, 0, 8), (3, 1, 1, 8), (2, 2, 0, 8), (4, 5, 2, 9), (2, 5, 1, 9), (0, 5, 1, 9), (0, 3, 2, 9)])
now= 3 3 crashed= 0
queueeue= deque([(3, 1, 1, 8), (2, 2, 0, 8), (4, 5, 2, 9), (2, 5, 1, 9), (0, 5, 1, 9), (0, 3, 2, 9)])
afterfor= deque([(3, 1, 1, 8), (2, 2, 0, 8), (4, 5, 2, 9), (2, 5, 1, 9), (0, 5, 1, 9), (0, 3, 2, 9), (3, 4, 1, 9), (4, 3, 1, 9), (2, 3, 0, 9)])
now= 3 1 crashed= 1
queueeue= deque([(2, 2, 0, 8), (4, 5, 2, 9), (2, 5, 1, 9), (0, 5, 1, 9), (0, 3, 2, 9), (3, 4, 1, 9), (4, 3, 1, 9), (2, 3, 0, 9)])
afterfor= deque([(2, 2, 0, 8), (4, 5, 2, 9), (2, 5, 1, 9), (0, 5, 1, 9), (0, 3, 2, 9), (3, 4, 1, 9), (4, 3, 1, 9), (2, 3, 0, 9), (2, 1, 2, 9)])
now= 2 2 crashed= 0
queueeue= deque([(4, 5, 2, 9), (2, 5, 1, 9), (0, 5, 1, 9), (0, 3, 2, 9), (3, 4, 1, 9), (4, 3, 1, 9), (2, 3, 0, 9), (2, 1, 2, 9)])
afterfor= deque([(4, 5, 2, 9), (2, 5, 1, 9), (0, 5, 1, 9), (0, 3, 2, 9), (3, 4, 1, 9), (4, 3, 1, 9), (2, 3, 0, 9), (2, 1, 2, 9), (2, 1, 1, 9), (1, 2, 1, 9)])
now= 4 5 crashed= 2
queueeue= deque([(2, 5, 1, 9), (0, 5, 1, 9), (0, 3, 2, 9), (3, 4, 1, 9), (4, 3, 1, 9), (2, 3, 0, 9), (2, 1, 2, 9), (2, 1, 1, 9), (1, 2, 1, 9)])
10