1. 기본
6 4 1
0 0 0 0 0 0
0 0 0 0 0 0
0 0 0 0 0 0
0 0 0 0 0 1

8

2. 익은 토마토가  여러개
6 4 1
0 0 0 0 0 0
0 1 0 0 1 0
0 0 0 0 0 0
0 0 0 0 0 1

3

3. 다익었네요
6 4 1
1 1 1 1 1 1
1 1 1 1 1 1
1 1 1 1 1 1
1 1 1 1 1 1

0

4. 끝없는 여정
6 4 1
-1 0 -1 0 0 0
0 0 -1 0 -1 0
0 -1 -1 0 -1 0
0 0 0 0 -1 1

15 

[ [
[-1, 0, -1, 0, 0, 0], 
[0, 0, -1, 0, -1, 0], 
[0, -1, -1, 0, -1, 0], 
[0, 0, 0, 0, -1, 1]
 ] ]

cf) 
6 2 2
-1 0 -1 0 0 0
0 0 -1 0 -1 0
0 -1 -1 0 -1 0
0 0 0 0 -1 1
[
 [
  [-1, 11, -1, 5, 4, 3], [11, 10, -1, 6, -1, 2]
 ], 
 [
  [11, -1, -1, 6, -1, 2], [10, 9, 8, 7, -1, 1]
 ]
]

5. 격리구역
6 4 1
0 -1 0 0 0 0
-1 0 0 0 0 0
0 0 0 0 0 0
0 0 0 0 0 1

-1

6 4 1
0 -1 0 0 0 0
0 -1 0 0 0 0
-1 0 0 0 0 0
0 0 0 0 0 1

-1

6. 냉장고
6 4 1
0 0 0 0 0 0
0 0 0 0 0 0
0 0 0 0 0 0
0 0 0 0 0 0

-1

7. 한방이면 끝이야
6 4 1
1 1 1 1 1 1
1 1 1 1 1 1
1 1 1 1 1 1
1 1 1 1 0 1

1

6 4 1
1 1 1 1 1 1
1 1 1 1 1 1
1 1 1 1 1 0
1 1 1 1 0 1

1

8. 가운데서 만나요
6 4 1
1 0 0 0 0 0
0 0 0 0 0 0
0 0 0 0 0 0
0 0 0 0 0 1

4

9. 거지
6 4 1
-1 -1 -1 -1 -1 -1
-1 -1 -1 -1 -1 -1
-1 -1 -1 -1 -1 -1
-1 -1 -1 -1 -1 -1
0

3 3 1
0 0 0
0 0 1
1 0 0

출력 : 3

정답 : 2




4 5 2
0 1 0 0
0 1 -1 1
-1 -1 1 -1
0 0 0 0
-1 -1 0 -1
-1 1 0 -1
0 0 -1 1
-1 0 1 0
0 0 0 -1
0 0 1 -1

출력 : 5

정답 : 3



5 5 2
1 -1 1 -1 1
0 0 -1 -1 1
0 -1 -1 1 0
0 -1 0 0 1
0 0 1 -1 1
1 -1 -1 -1 -1
0 -1 0 1 1
0 1 0 0 -1
-1 -1 -1 -1 -1
-1 0 0 1 -1

출력 : 4

정답 : 3

3 3 1
-1 -1 -1
-1 0 -1
-1 -1 -1
답=-1

5 3 2
0 0 0 0 0
0 0 0 0 0
0 0 0 0 0
0 0 0 0 0
0 0 1 0 0
0 0 0 0 0
답=4

3 3 1
1 1 0 
0 0 0
0 0 0
답=3 나는 4나옴
4
newtomato
[1, 1, 5]
[2, 3, 4]
[3, 4, 5]

newtomato
[1, 1, 2]
[2, 2, 0]
[0, 0, 0] 만드는 코드 짰었는데 지금은 안됨..
너가 못하는 게 아니라 지금 체력딸려서 못짜는거야.. 우울해하지말자

4 3 2
1 1 1 36
1 1 1 1
1 1 1 1
1 1 1 1
10 10 10 10
0 0 0 1

4 3 1
1 -1 -1 -1
-1 0 0 0
0 0 0 0

3 3 2
1 1 0
1 1 0
0 0 0
0 0 0
0 1 1
0 1 1
정답==1

5 3 1
1 1 1 1 1
1 1 1 1 1
1 1 1 1 1
답=0

2 2 6
0 0
0 0
0 0
0 0
0 1
0 0
0 0
0 0
0 0
0 0
0 0
0 0

5 3 1
1 -1 0 0 0
-1 -1 0 0 0
0 0 0 0 0
답=-1

2 2 1
-1 -1
-1 -1
답=-1