6
5 4 3 2 3 4
4 3 2 3 4 5
3 2 9 5 6 6
2 1 2 3 4 5
3 2 1 6 5 4
6 6 6 6 6 6
0
sharkX, sharkY= 3 1 time= 2 cnt= 1
[5, 4, 3, 2, 3, 4]
[4, 3, 2, 3, 4, 5]
[3, 2, 0, 5, 6, 6]
[2, 0, 2, 3, 4, 5]
[3, 2, 1, 6, 5, 4]
[6, 6, 6, 6, 6, 6]
sharkX, sharkY= 4 2 time= 4 cnt= 2
cnt= 2 time= 4
sharkSize= 3
[5, 4, 3, 2, 3, 4]
[4, 3, 2, 3, 4, 5]
[3, 2, 0, 5, 6, 6]
[2, 0, 2, 3, 4, 5]
[3, 2, 0, 6, 5, 4]
[6, 6, 6, 6, 6, 6]
sharkX, sharkY= 3 2 time= 5 cnt= 1
[5, 4, 3, 2, 3, 4]
[4, 3, 2, 3, 4, 5]
[3, 2, 0, 5, 6, 6]
[2, 0, 0, 3, 4, 5]
[3, 2, 0, 6, 5, 4]
[6, 6, 6, 6, 6, 6]
sharkX, sharkY= 1 2 time= 7 cnt= 2
[5, 4, 3, 2, 3, 4]
[4, 3, 0, 3, 4, 5]
[3, 2, 0, 5, 6, 6]
[2, 0, 0, 3, 4, 5]
[3, 2, 0, 6, 5, 4]
[6, 6, 6, 6, 6, 6]
sharkX, sharkY= 0 3 time= 9 cnt= 3
cnt= 3 time= 9
sharkSize= 4
[5, 4, 3, 0, 3, 4]
[4, 3, 0, 3, 4, 5]
[3, 2, 0, 5, 6, 6]
[2, 0, 0, 3, 4, 5]
[3, 2, 0, 6, 5, 4]
[6, 6, 6, 6, 6, 6]
sharkX, sharkY= 0 2 time= 10 cnt= 1
[5, 4, 0, 0, 3, 4]
[4, 3, 0, 3, 4, 5]
[3, 2, 0, 5, 6, 6]
[2, 0, 0, 3, 4, 5]
[3, 2, 0, 6, 5, 4]
[6, 6, 6, 6, 6, 6]
deque([(0, 1, 11), (0, 3, 11), (1, 2, 11)])
deque([(0, 3, 11), (1, 2, 11), (1, 1, 12)])
deque([(1, 2, 11), (1, 1, 12), (0, 4, 12), (1, 3, 12)])
deque([(1, 1, 12), (0, 4, 12), (1, 3, 12), (1, 1, 12), (1, 3, 12), (2, 2, 12)])
sharkX, sharkY= 1 1 time= 12 cnt= 2
[5, 4, 0, 0, 3, 4]
[4, 0, 0, 3, 4, 5]
[3, 2, 0, 5, 6, 6]
[2, 0, 0, 3, 4, 5]
[3, 2, 0, 6, 5, 4]
[6, 6, 6, 6, 6, 6]
sharkX, sharkY= 2 1 time= 13 cnt= 3
[5, 4, 0, 0, 3, 4]
[4, 0, 0, 3, 4, 5]
[3, 0, 0, 5, 6, 6]
[2, 0, 0, 3, 4, 5]
[3, 2, 0, 6, 5, 4]
[6, 6, 6, 6, 6, 6]
sharkX, sharkY= 2 0 time= 14 cnt= 4
cnt= 4 time= 14
sharkSize= 5
[5, 4, 0, 0, 3, 4]
[4, 0, 0, 3, 4, 5]
[0, 0, 0, 5, 6, 6]
[2, 0, 0, 3, 4, 5]
[3, 2, 0, 6, 5, 4]
[6, 6, 6, 6, 6, 6]
sharkX, sharkY= 1 0 time= 15 cnt= 1
[5, 4, 0, 0, 3, 4]
[0, 0, 0, 3, 4, 5]
[0, 0, 0, 5, 6, 6]
[2, 0, 0, 3, 4, 5]
[3, 2, 0, 6, 5, 4]
[6, 6, 6, 6, 6, 6]
sharkX, sharkY= 0 1 time= 17 cnt= 2
[5, 0, 0, 0, 3, 4]
[0, 0, 0, 3, 4, 5]
[0, 0, 0, 5, 6, 6]
[2, 0, 0, 3, 4, 5]
[3, 2, 0, 6, 5, 4]
[6, 6, 6, 6, 6, 6]
sharkX, sharkY= 0 4 time= 20 cnt= 3
[5, 0, 0, 0, 0, 4]
[0, 0, 0, 3, 4, 5]
[0, 0, 0, 5, 6, 6]
[2, 0, 0, 3, 4, 5]
[3, 2, 0, 6, 5, 4]
[6, 6, 6, 6, 6, 6]
sharkX, sharkY= 0 5 time= 21 cnt= 4
[5, 0, 0, 0, 0, 0]
[0, 0, 0, 3, 4, 5]
[0, 0, 0, 5, 6, 6]
[2, 0, 0, 3, 4, 5]
[3, 2, 0, 6, 5, 4]
[6, 6, 6, 6, 6, 6]
sharkX, sharkY= 1 4 time= 23 cnt= 5
cnt= 5 time= 23
sharkSize= 6
[5, 0, 0, 0, 0, 0]
[0, 0, 0, 3, 0, 5]
[0, 0, 0, 5, 6, 6]
[2, 0, 0, 3, 4, 5]
[3, 2, 0, 6, 5, 4]
[6, 6, 6, 6, 6, 6]
sharkX, sharkY= 1 3 time= 24 cnt= 1
[5, 0, 0, 0, 0, 0]
[0, 0, 0, 0, 0, 5]
[0, 0, 0, 5, 6, 6]
[2, 0, 0, 3, 4, 5]
[3, 2, 0, 6, 5, 4]
[6, 6, 6, 6, 6, 6]
sharkX, sharkY= 2 3 time= 25 cnt= 2
[5, 0, 0, 0, 0, 0]
[0, 0, 0, 0, 0, 5]
[0, 0, 0, 0, 6, 6]
[2, 0, 0, 3, 4, 5]
[3, 2, 0, 6, 5, 4]
[6, 6, 6, 6, 6, 6]
sharkX, sharkY= 3 3 time= 26 cnt= 3
[5, 0, 0, 0, 0, 0]
[0, 0, 0, 0, 0, 5]
[0, 0, 0, 0, 6, 6]
[2, 0, 0, 0, 4, 5]
[3, 2, 0, 6, 5, 4]
[6, 6, 6, 6, 6, 6]
sharkX, sharkY= 3 4 time= 27 cnt= 4
[5, 0, 0, 0, 0, 0]
[0, 0, 0, 0, 0, 5]
[0, 0, 0, 0, 6, 6]
[2, 0, 0, 0, 0, 5]
[3, 2, 0, 6, 5, 4]
[6, 6, 6, 6, 6, 6]
sharkX, sharkY= 3 5 time= 28 cnt= 5
[5, 0, 0, 0, 0, 0]
[0, 0, 0, 0, 0, 5]
[0, 0, 0, 0, 6, 6]
[2, 0, 0, 0, 0, 0]
[3, 2, 0, 6, 5, 4]
[6, 6, 6, 6, 6, 6]
sharkX, sharkY= 4 5 time= 29 cnt= 6
cnt= 6 time= 29
sharkSize= 7
[5, 0, 0, 0, 0, 0]
[0, 0, 0, 0, 0, 5]
[0, 0, 0, 0, 6, 6]
[2, 0, 0, 0, 0, 0]
[3, 2, 0, 6, 5, 0]
[6, 6, 6, 6, 6, 6]
sharkX, sharkY= 4 4 time= 30 cnt= 1
[5, 0, 0, 0, 0, 0]
[0, 0, 0, 0, 0, 5]
[0, 0, 0, 0, 6, 6]
[2, 0, 0, 0, 0, 0]
[3, 2, 0, 6, 0, 0]
[6, 6, 6, 6, 6, 6]
sharkX, sharkY= 4 3 time= 31 cnt= 2
[5, 0, 0, 0, 0, 0]
[0, 0, 0, 0, 0, 5]
[0, 0, 0, 0, 6, 6]
[2, 0, 0, 0, 0, 0]
[3, 2, 0, 0, 0, 0]
[6, 6, 6, 6, 6, 6]
sharkX, sharkY= 5 3 time= 32 cnt= 3
[5, 0, 0, 0, 0, 0]
[0, 0, 0, 0, 0, 5]
[0, 0, 0, 0, 6, 6]
[2, 0, 0, 0, 0, 0]
[3, 2, 0, 0, 0, 0]
[6, 6, 6, 0, 6, 6]
sharkX, sharkY= 5 2 time= 33 cnt= 4
[5, 0, 0, 0, 0, 0]
[0, 0, 0, 0, 0, 5]
[0, 0, 0, 0, 6, 6]
[2, 0, 0, 0, 0, 0]
[3, 2, 0, 0, 0, 0]
[6, 6, 0, 0, 6, 6]
sharkX, sharkY= 5 1 time= 34 cnt= 5
[5, 0, 0, 0, 0, 0]
[0, 0, 0, 0, 0, 5]
[0, 0, 0, 0, 6, 6]
[2, 0, 0, 0, 0, 0]
[3, 2, 0, 0, 0, 0]
[6, 0, 0, 0, 6, 6]
sharkX, sharkY= 4 1 time= 35 cnt= 6
[5, 0, 0, 0, 0, 0]
[0, 0, 0, 0, 0, 5]
[0, 0, 0, 0, 6, 6]
[2, 0, 0, 0, 0, 0]
[3, 0, 0, 0, 0, 0]
[6, 0, 0, 0, 6, 6]
sharkX, sharkY= 4 0 time= 36 cnt= 7
cnt= 7 time= 36
sharkSize= 8
[5, 0, 0, 0, 0, 0]
[0, 0, 0, 0, 0, 5]
[0, 0, 0, 0, 6, 6]
[2, 0, 0, 0, 0, 0]
[0, 0, 0, 0, 0, 0]
[6, 0, 0, 0, 6, 6]
sharkX, sharkY= 3 0 time= 37 cnt= 1
[5, 0, 0, 0, 0, 0]
[0, 0, 0, 0, 0, 5]
[0, 0, 0, 0, 6, 6]
[0, 0, 0, 0, 0, 0]
[0, 0, 0, 0, 0, 0]
[6, 0, 0, 0, 6, 6]
sharkX, sharkY= 5 0 time= 39 cnt= 2
[5, 0, 0, 0, 0, 0]
[0, 0, 0, 0, 0, 5]
[0, 0, 0, 0, 6, 6]
[0, 0, 0, 0, 0, 0]
[0, 0, 0, 0, 0, 0]
[0, 0, 0, 0, 6, 6]
sharkX, sharkY= 5 4 time= 43 cnt= 3
[5, 0, 0, 0, 0, 0]
[0, 0, 0, 0, 0, 5]
[0, 0, 0, 0, 6, 6]
[0, 0, 0, 0, 0, 0]
[0, 0, 0, 0, 0, 0]
[0, 0, 0, 0, 0, 6]
sharkX, sharkY= 5 5 time= 44 cnt= 4
[5, 0, 0, 0, 0, 0]
[0, 0, 0, 0, 0, 5]
[0, 0, 0, 0, 6, 6]
[0, 0, 0, 0, 0, 0]
[0, 0, 0, 0, 0, 0]
[0, 0, 0, 0, 0, 0]
sharkX, sharkY= 2 5 time= 47 cnt= 5
[5, 0, 0, 0, 0, 0]
[0, 0, 0, 0, 0, 5]
[0, 0, 0, 0, 6, 0]
[0, 0, 0, 0, 0, 0]
[0, 0, 0, 0, 0, 0]
[0, 0, 0, 0, 0, 0]
sharkX, sharkY= 1 5 time= 48 cnt= 6
[5, 0, 0, 0, 0, 0]
[0, 0, 0, 0, 0, 0]
[0, 0, 0, 0, 6, 0]
[0, 0, 0, 0, 0, 0]
[0, 0, 0, 0, 0, 0]
[0, 0, 0, 0, 0, 0]
sharkX, sharkY= 2 4 time= 50 cnt= 7
[5, 0, 0, 0, 0, 0]
[0, 0, 0, 0, 0, 0]
[0, 0, 0, 0, 0, 0]
[0, 0, 0, 0, 0, 0]
[0, 0, 0, 0, 0, 0]
[0, 0, 0, 0, 0, 0]
sharkX, sharkY= 0 0 time= 56 cnt= 8
cnt= 8 time= 56
sharkSize= 9
[0, 0, 0, 0, 0, 0]
[0, 0, 0, 0, 0, 0]
[0, 0, 0, 0, 0, 0]
[0, 0, 0, 0, 0, 0]
[0, 0, 0, 0, 0, 0]
[0, 0, 0, 0, 0, 0]
sharkX, sharkY= -1 -1 time= 66 cnt= 0
[0, 0, 0, 0, 0, 0]
[0, 0, 0, 0, 0, 0]
[0, 0, 0, 0, 0, 0]
[0, 0, 0, 0, 0, 0]
[0, 0, 0, 0, 0, 0]
[0, 0, 0, 0, 0, 0]
answer= 56