10
1 1 1 0 0 0 0 0 0 0
1 0 1 0 0 0 0 0 0 0
0 0 1 0 0 0 0 0 0 0
0 0 1 0 0 0 0 0 0 0
0 0 1 0 0 0 0 0 0 0
0 0 1 0 0 0 0 1 0 0
0 0 0 0 0 0 1 1 0 0
0 0 0 0 1 0 1 0 0 0
0 0 0 0 1 1 1 0 0 0
0 0 0 0 0 0 0 0 0 0

답:3
출력:4

dist 배열에 저장해야 하는듯 (근데 저번에 메모리 초과 났던 것 같은데??)
저번에 메모리 초과났던 이유는 bfs 너무 복잡하게 짰고 for문도 쓸데없는 거 너무 많이 돌아
(IsEdge 만들어서 그것땜에 케이스 많아진듯)

5
1 0 0 0 0
1 0 0 0 1
1 1 1 0 1
0 0 0 0 0
0 0 0 1 0

4
1 1 0 0
0 0 0 1
0 1 1 1
0 0 0 0

6
1 1 0 0 0 1
1 0 0 0 0 0
0 0 0 0 0 0
0 0 0 0 0 0
1 0 0 0 0 0
0 0 0 0 0 0

4
1 1 0 0
0 0 0 1
0 1 1 1
0 0 0 0

출력 1

10
1 1 1 0 0 0 0 0 0 0
1 0 1 0 0 0 0 0 0 0
0 0 1 0 0 0 0 0 0 0
0 0 1 0 0 0 0 0 0 0
0 0 1 0 0 0 0 0 0 0
0 0 1 0 0 0 0 1 0 0
0 0 0 0 0 0 1 1 0 0
0 0 0 0 1 0 1 0 0 0
0 0 0 0 1 1 1 0 0 0
0 0 0 0 0 0 0 0 0 0

출력 3

5
1 0 0 0 0
1 0 0 0 1
1 1 1 0 1
0 0 0 0 0
0 0 0 1 0

출력 1

10
1 1 1 0 0 0 0 1 1 1
1 1 1 1 0 0 0 0 1 1
1 0 1 1 0 0 0 0 1 1
0 0 1 1 1 0 0 0 0 1
0 0 0 1 1 0 0 0 0 1
0 0 0 0 1 0 0 0 0 1
0 0 0 0 1 0 0 0 0 0
0 0 0 0 1 1 0 0 0 0
0 0 0 0 1 1 1 0 0 0
0 0 0 0 0 0 0 0 0 0

출력 4

5
1 0 0 0 0
0 0 0 0 0
0 0 1 0 0
0 0 0 0 1
0 0 0 0 1

출력 2

6
1 1 1 0 0 0
1 1 0 0 0 1
1 0 0 0 1 1
0 0 0 0 0 1
1 1 1 1 1 1
0 0 0 0 0 0

출력 1

5
1 0 0 0 0
1 0 0 0 1
1 1 1 0 1
0 0 0 0 0
0 0 0 1 0
답=1 내껀 2나옴!!!!!!!!!!
'''
for x in range(N):
            for y in range(N):
                if graph[x][y]==value:   #밑의경우처럼 정답이 for문 제일 마지막에서 나오면 틀렸습니다 뜸
5
1 0 0 0 0
1 0 0 0 1
1 1 1 0 1
0 0 0 0 0
0 0 0 1 0
[2, 0, 0, 0, 0]
[2, 0, 0, 0, 3]
[2, 2, 2, 0, 3]
[0, 0, 0, 0, 0]
[0, 0, 0, 4, 0]
[2, 3, 4]
[0, 1, 2, 3, 4]
[0, 1, 2, 3, -1]
[0, 0, 0, -1, -1]
[1, 1, -1, -1, -1]
[2, -1, -1, -1, -1]
[-1, -1, -1, 2, 1]
[-1, 3, 2, 1, 0]
[-1, -1, -1, 1, 0]
[-1, -1, -1, -1, 1]
[-1, -1, -1, -1, -1]
[-1, -1, -1, -1, -1]
[-1, -1, -1, -1, -1]
[-1, -1, -1, 2, -1]
[-1, -1, 2, 1, 2]
[-1, 2, 1, 0, 1]
2
'''