6 4
0100
1110
1000
0000
0111
0000
답=15

4 4
0111
1111
1111
1110
답=-1

5 6
011100
011000
010010
010010 
000110
답=12

6 9
010001000
010001010
010101010
010101000
010101010
000100010
답=18

1 1
0
답=1

3 4
0000
0000
0000
답=6

2 2
00
10
답=3

8 8
01000100
01010100
01010100
01010100
01010100
01010100
01010100
00010100

ans = 29


5 8
01000000
01010000
01010000
01010011
00010010

ans = 20

5 6
000000
011110
010000
010111
100000

ans = 10

3 3
011
100
110

ans =5

6 9
010001000
010001010
010101010
010101000
010101010
000100010
ans =18

20 20
00000000000000000000
00000000000000000000
00000000000000000000
00000000000000000000
00000000000000000000
00000000000000000000
00000000000000000000
00000000000000000000
00000000000000000000
00000000000000000000
00000000000000000000
00000000000000000000
00000000000000000000
00000000000000000000
00000000000000000000
00000000000000000000
00000000000000000000
00000000000000000000
00000000000000000000
00000000000000000000

ans =39