7 4 2
0101
1100
1110
0000
0111
0111
0100

정답=16

4 4 1
0111
1111
1111
1110
답=-1

5 6 2
011100
011000
010010
010010 
000110
답=10

6 9 2
010001000
010001010
010101010
010101000
010101010
000100010
답=14

1 1 1
0
답=1

3 4 2
0000
0000
0000
답=6

2 2 1
00
10
답=3

8 8 2
01000100
01010100
01010100
01010100
01010100
01010100
01010100
00010100

ans = 15


5 8 1
01000000
01010000
01010000
01010011
00010010

ans = 20

5 6 1
000000
011110
010000
010111
100000

ans = 10

3 3 1
011
100
110

ans =5

6 9 1
010001000
010001010
010101010
010101000
010101010
000100010
ans =18

20 20 1
00000000000000000000
00000000000000000000
00000000000000000000
00000000000000000000
00000000000000000000
00000000000000000000
00000000000000000000
00000000000000000000
00000000000000000000
00000000000000000000
00000000000000000000
00000000000000000000
00000000000000000000
00000000000000000000
00000000000000000000
00000000000000000000
00000000000000000000
00000000000000000000
00000000000000000000
00000000000000000000

ans =39

input:

4 4 2
0100
0001
0011
0110

output: -1

answer: 7