<테스트케이스> tilt2(내코드) 오답 많이 나옴..

3
2 2 2
4 4 4
8 8 8

=> 16

3
2 2 2
2 2 2
2 2 2

=>8 0으로 나옴

10
16 16 8 32 32 0 0 8 8 8
16 0 0 0 0 8 0 0 0 16
0 0 0 0 0 0 0 0 0 2
0 0 0 0 0 0 0 0 0 0
0 0 0 0 0 0 0 0 0 0
0 0 0 0 0 0 0 0 0 0
0 0 0 0 0 0 0 0 0 0
0 0 0 0 0 0 0 0 0 0
0 0 0 0 0 0 0 0 0 0
0 0 0 0 0 0 0 0 0 0

=>64

5
2 2 4 8 16
0 0 0 0 0
0 0 0 0 0
0 0 0 0 0
2 2 4 8 16

=>64

2
16 0
0 0

=> 16 0으로나옴



7
2 2 2 2 2 2 2
2 0 2 2 2 2 2
2 0 2 2 2 2 2
2 0 2 2 2 2 2
2 2 2 0 2 2 2
2 2 2 2 2 2 0
2 2 2 2 2 2 0

=> 32



10
0 0 64 32 32 0 0 0 0 0
0 32 32 64 0 0 0 0 0 0
0 0 128 0 0 0 0 0 0 0
64 64 128 0 0 0 0 0 0 0
0 0 64 32 32 0 0 0 0 0
0 32 32 64 0 0 0 0 0 0
0 0 128 0 0 0 0 0 0 0
64 64 128 0 0 0 0 0 0 0
128 32 2 4 0 0 0 0 0 0
0 0 128 0 0 0 0 0 0 0

=> 1024 512로나옴



20
1024 1024 1024 1024 1024 1024 1024 1024 1024 1024 1024 1024 1024 1024 1024 1024 1024 1024 1024 1024
1024 1024 1024 1024 1024 1024 1024 1024 1024 1024 1024 1024 1024 1024 1024 1024 1024 1024 1024 1024
1024 1024 1024 1024 1024 1024 1024 1024 1024 1024 1024 1024 1024 1024 1024 1024 1024 1024 1024 1024
1024 1024 1024 1024 1024 1024 1024 1024 1024 1024 1024 1024 1024 1024 1024 1024 1024 1024 1024 1024
1024 1024 1024 1024 1024 1024 1024 1024 1024 1024 1024 1024 1024 1024 1024 1024 1024 1024 1024 1024
1024 1024 1024 1024 1024 1024 1024 1024 1024 1024 1024 1024 1024 1024 1024 1024 1024 1024 1024 1024
1024 1024 1024 1024 1024 1024 1024 1024 1024 1024 1024 1024 1024 1024 1024 1024 1024 1024 1024 1024
1024 1024 1024 1024 1024 1024 1024 1024 1024 1024 1024 1024 1024 1024 1024 1024 1024 1024 1024 1024
1024 1024 1024 1024 1024 1024 1024 1024 1024 1024 1024 1024 1024 1024 1024 1024 1024 1024 1024 1024
1024 1024 1024 1024 1024 1024 1024 1024 1024 1024 1024 1024 1024 1024 1024 1024 1024 1024 1024 1024
1024 1024 1024 1024 1024 1024 1024 1024 1024 1024 1024 1024 1024 1024 1024 1024 1024 1024 1024 1024
1024 1024 1024 1024 1024 1024 1024 1024 1024 1024 1024 1024 1024 1024 1024 1024 1024 1024 1024 1024
1024 1024 1024 1024 1024 1024 1024 1024 1024 1024 1024 1024 1024 1024 1024 1024 1024 1024 1024 1024
1024 1024 1024 1024 1024 1024 1024 1024 1024 1024 1024 1024 1024 1024 1024 1024 1024 1024 1024 1024
1024 1024 1024 1024 1024 1024 1024 1024 1024 1024 1024 1024 1024 1024 1024 1024 1024 1024 1024 1024
1024 1024 1024 1024 1024 1024 1024 1024 1024 1024 1024 1024 1024 1024 1024 1024 1024 1024 1024 1024
1024 1024 1024 1024 1024 1024 1024 1024 1024 1024 1024 1024 1024 1024 1024 1024 1024 1024 1024 1024
1024 1024 1024 1024 1024 1024 1024 1024 1024 1024 1024 1024 1024 1024 1024 1024 1024 1024 1024 1024
1024 1024 1024 1024 1024 1024 1024 1024 1024 1024 1024 1024 1024 1024 1024 1024 1024 1024 1024 1024
1024 1024 1024 1024 1024 1024 1024 1024 1024 1024 1024 1024 1024 1024 1024 1024 1024 1024 1024 1024

=>32768



3
2 2 4
0 0 0
0 0 0

=> 8 0으로 나옴



2
8 16
16 8


=>16



4
8 16 0 0
0 0 16 8
0 0 0 0
0 0 0 0

=>32 16으로 나옴



4
0 0 0 0
4 0 0 0
8 32 4 0
8 8 4 0

->64 32로 나옴


10
8 8 4 16 32 0 0 8 8 8
8 8 4 0 0 8 0 0 0 0
16 0 0 16 0 0 0 0 0 0
0 0 0 0 0 0 0 0 0 0
0 0 0 0 0 0 0 0 0 0
0 0 0 0 0 0 0 0 0 0
0 0 0 0 0 0 0 0 0 0
0 0 0 0 0 0 0 0 0 0
0 0 0 0 0 0 0 0 0 16
0 0 0 0 0 0 0 0 0 2

=>128 32로나옴



10
0 0 0 0 0 32 8 64 8 16
0 0 0 0 0 0 0 16 8 16
0 0 0 0 0 0 0 0 0 2
0 0 0 0 0 0 0 0 0 0
0 0 0 0 0 0 0 0 0 0
0 0 0 0 0 0 0 0 0 0
0 0 0 0 0 0 0 0 0 0
0 0 0 0 0 0 0 0 0 0
0 0 0 0 0 0 0 0 0 0
0 0 0 0 0 0 0 0 0 0

=> 128 64로나옴



1
16

=> 16

2
8 16
16 8

=>16 0으로 나옴



4
2 2 2 2
2 2 2 2
2 2 2 2
2 2 2 2

=>32 0으로나옴


10
0 0 64 32 32 0 0 0 0 0
0 32 32 64 0 0 0 0 0 0
0 0 128 0 0 0 0 0 0 0
64 64 128 0 0 0 0 0 0 0
0 0 64 32 32 0 0 0 0 0
0 32 32 64 0 0 0 0 0 0
0 0 128 0 0 0 0 0 0 0
64 64 128 0 0 0 0 0 0 0
128 32 2 4 0 0 0 0 0 0
0 0 128 0 0 0 0 0 0 0

=> 1024 512로나옴


3
0 8 1024
4 0 4
0 1024 32
output: 1024 나도 1024로나옴
correct answer: 2048

3
256 8 128
16 0 256
0 8 0 
output: 256 나도 256로 나옴
correct answer: 512

3
0 64 8
128 0 32
32 0 0
output: 128 나도 128로 나옴
correct answer: 256

<출력결과>
4
2 2 0 0
0 4 4 0
0 0 8 8
16 0 0 4


    depth= 1
         afterRotate 1       
         [0, 0, 8, 4]        
         [0, 4, 8, 0]        
         [2, 4, 0, 0]        
         [2, 0, 0, 16]       
         afterTilt 0
         [8, 4, 0, 0]        
         [4, 8, 0, 0]        
         [2, 4, 0, 0]        
         [2, 16, 0, 0]       
                 depth= 2    
                 afterRotate 1   
                 [0, 0, 0, 0]    
                 [0, 0, 0, 0]    
                 [4, 8, 4, 16]   
                 [8, 4, 2, 2]    
                 afterTilt 0     
                 [0, 0, 0, 0]    
                 [0, 0, 0, 0]    
                 [4, 8, 4, 16]   
                 [8, 4, 4, 0]    
                         depth= 3
                 afterRotate 2   
                 [0, 0, 16, 2]   
                 [0, 0, 4, 2]    
                 [0, 0, 8, 4]    
                 [0, 0, 4, 8]    
                 afterTilt 0     
                 [16, 2, 0, 0]   
                 [4, 2, 0, 0]    
                 [8, 4, 0, 0]    
                 [4, 8, 0, 0]    
                         depth= 3
                 afterRotate 3   
                 [2, 2, 4, 8]    
                 [16, 4, 8, 4]   
                 [0, 0, 0, 0]    
                 [0, 0, 0, 0]
                 afterTilt 0 
                 [4, 4, 8, 0]
                 [16, 4, 8, 4]
                 [0, 0, 0, 0]
                 [0, 0, 0, 0]
                         depth= 3
                 afterRotate 0
                 [8, 4, 0, 0]
                 [4, 8, 0, 0]
                 [2, 4, 0, 0]
                 [2, 16, 0, 0]
                 afterTilt 0
                 [8, 4, 0, 0]
                 [4, 8, 0, 0]
                 [2, 4, 0, 0]
                 [2, 16, 0, 0]
                         depth= 3
         afterRotate 2
         [4, 0, 0, 16]
         [8, 8, 0, 0]
         [0, 4, 4, 0]
         [0, 0, 2, 2]
         afterTilt 0
         [4, 16, 0, 0]
         [16, 0, 0, 0]
         [8, 0, 0, 0]
         [4, 0, 0, 0]
                 depth= 2
                 afterRotate 1
                 [0, 0, 0, 0]
                 [0, 0, 0, 0]
                 [16, 0, 0, 0]
                 [4, 16, 8, 4]
                 afterTilt 0
                 [0, 0, 0, 0]
                 [0, 0, 0, 0]
                 [16, 0, 0, 0]
                 [4, 16, 8, 4]
                         depth= 3
                 afterRotate 2
                 [0, 0, 0, 4]
                 [0, 0, 0, 8]
                 [0, 0, 0, 16]
                 [0, 0, 16, 4]
                 afterTilt 0
                 [4, 0, 0, 0]
                 [8, 0, 0, 0]
                 [16, 0, 0, 0]
                 [16, 4, 0, 0]
                         depth= 3
                 afterRotate 3
                 [4, 8, 16, 4]
                 [0, 0, 0, 16]
                 [0, 0, 0, 0]
                 [0, 0, 0, 0]
                 afterTilt 0
                 [4, 8, 16, 4]
                 [16, 0, 0, 0]
                 [0, 0, 0, 0]
                 [0, 0, 0, 0]
                         depth= 3
                 afterRotate 0
                 [4, 16, 0, 0]
                 [16, 0, 0, 0]
                 [8, 0, 0, 0]
                 [4, 0, 0, 0]
                 afterTilt 0
                 [4, 16, 0, 0]
                 [16, 0, 0, 0]
                 [8, 0, 0, 0]
                 [4, 0, 0, 0]
                         depth= 3
         afterRotate 3
         [16, 0, 0, 2]
         [0, 0, 4, 2]
         [0, 8, 4, 0]
         [4, 8, 0, 0]
         afterTilt 0
         [16, 2, 0, 0]
         [4, 2, 0, 0]
         [8, 4, 0, 0]
         [4, 8, 0, 0]
                 depth= 2
                 afterRotate 1
                 [0, 0, 0, 0]
                 [0, 0, 0, 0]
                 [2, 2, 4, 8]
                 [16, 4, 8, 4]
                 afterTilt 0
                 [0, 0, 0, 0]
                 [0, 0, 0, 0]
                 [4, 4, 8, 0]
                 [16, 4, 8, 4]
                         depth= 3
                 afterRotate 2
                 [0, 0, 8, 4]
                 [0, 0, 4, 8]
                 [0, 0, 2, 4]
                 [0, 0, 2, 16]
                 afterTilt 0
                 [8, 4, 0, 0]
                 [4, 8, 0, 0]
                 [2, 4, 0, 0]
                 [2, 16, 0, 0]
                         depth= 3
                 afterRotate 3
                 [4, 8, 4, 16]
                 [8, 4, 2, 2]
                 [0, 0, 0, 0]
                 [0, 0, 0, 0]
                 afterTilt 0
                 [4, 8, 4, 16]
                 [8, 4, 4, 0]
                 [0, 0, 0, 0]
                 [0, 0, 0, 0]
                         depth= 3
                 afterRotate 0
                 [16, 2, 0, 0]
                 [4, 2, 0, 0]
                 [8, 4, 0, 0]
                 [4, 8, 0, 0]
                 afterTilt 0
                 [16, 2, 0, 0]
                 [4, 2, 0, 0]
                 [8, 4, 0, 0]
                 [4, 8, 0, 0]
                         depth= 3
         afterRotate 0
         [2, 2, 0, 0]
         [0, 4, 4, 0]
         [0, 0, 8, 8]
         [16, 0, 0, 4]
         afterTilt 0
         [4, 0, 0, 0]
         [8, 0, 0, 0]
         [16, 0, 0, 0]
         [16, 4, 0, 0]
                 depth= 2
                 afterRotate 1
                 [0, 0, 0, 0]
                 [0, 0, 0, 0]
                 [0, 0, 0, 4]
                 [4, 8, 16, 16]
                 afterTilt 0
                 [0, 0, 0, 0]
                 [0, 0, 0, 0]
                 [4, 0, 0, 0]
                 [4, 8, 32, 0]
                         depth= 3
                 afterRotate 2
                 [0, 0, 4, 16]
                 [0, 0, 0, 16]
                 [0, 0, 0, 8]
                 [0, 0, 0, 4]
                 afterTilt 0
                 [4, 16, 0, 0]
                 [16, 0, 0, 0]
                 [8, 0, 0, 0]
                 [4, 0, 0, 0]
                         depth= 3
                 afterRotate 3
                 [16, 16, 8, 4]
                 [4, 0, 0, 0]
                 [0, 0, 0, 0]
                 [0, 0, 0, 0]
                 afterTilt 0
                 [32, 8, 4, 0]
                 [4, 0, 0, 0]
                 [0, 0, 0, 0]
                 [0, 0, 0, 0]
                         depth= 3
                 afterRotate 0
                 [4, 0, 0, 0]
                 [8, 0, 0, 0]
                 [16, 0, 0, 0]
                 [16, 4, 0, 0]
                 afterTilt 0
                 [4, 0, 0, 0]
                 [8, 0, 0, 0]
                 [16, 0, 0, 0]
                 [16, 4, 0, 0]
                         depth= 3
 